1997,16218,23542,33028,27154,12102,16899,22730,18741
1998,16279,24006,33839,27907,12088,17139,23133,19171
1999,16349,24614,34831,28481,12099,17492,23695,19481
2000,16602,25087,35585,29286,12494,18061,24494,20266
2001,16581,25592,36274,29464,12370,18256,24667,20110
2002,16322,26055,37058,29850,12162,18494,25046,20287
2003,16203,26528,37827,30307,12042,18759,25440,20508
2004,16243,26907,38462,30730,12221,19076,25817,20784
2005,16273,27384,39493,31436,12405,19603,26698,21381
2006,16734,28102,40816,32479,12695,20006,27412,21974
2007,17693,29057,42190,33771,13388,20573,28203,22773
2008,18004,29936,43559,34779,13625,21064,28921,23332
2009,17296,30102,44002,34911,13447,21684,29816,23927
2010,17032,30316,44431,35074,13269,21786,30010,23946
2011,16721,30690,44970,35379,12976,21984,30256,24016
2012,16800,31396,46094,36193,13003,22374,30797,24466
2013,16717,31961,46921,36654,12885,22673,31193,24624
2014,16870,32564,47697,37231,13017,23003,31592,24910
2015,16692,33012,48471,37745,12867,23235,31960,25126
2016,16870,33350,49080,38300,13362,24339,33652,26318
2017,17376,33776,49727,38804,13708,24564,33982,26582
2018,18276,34730,50944,39832,14352,25113,34613,27186
2019,18883,35841,52235,40833,14840,25938,35710,27976