1997,10525,19808,28726,22397,8367,14579,20166,15754
1998,10373,20040,29277,22857,8226,14686,20445,16004
1999,00000,20436,30080,23311,8205,14929,20911,16256
2000,10416,20757,30621,23849,8332,15399,21560,16832
2001,10411,21120,31163,24035,8293,15530,21739,16761
2002,10393,21424,31822,24419,8267,15706,22073,16964
2003,10292,21709,32465,24772,8162,15863,22418,17143
2004,10365,21977,32979,25110,8268,16131,22728,17383
2005,10465,22328,33817,25710,8392,16631,23441,17907
2006,10783,22834,34856,26500,8612,16918,24015,18360
2007,11259,23613,35965,27458,8977,17376,24657,18949
2008,11375,24253,37102,28255,9145,17756,25274,19415
2009,11237,24449,37601,28537,9209,18333,26181,20025
2010,11213,24516,37974,28715,9188,18366,26368,20087
2011,11087,24843,38470,29017,9075,18529,26610,20197
2012,11227,25373,39450,29723,9166,18842,27118,20596
2013,11283,25767,40155,30160,9186,19057,27484,20790
2014,11497,26273,40840,30655,9355,19344,27833,21039
2015,11569,26678,41568,31182,9402,19558,28196,21298
2016,11770,27051,42153,31752,9691,20543,29682,22344
2017,12236,27545,42776,32267,10045,20821,30021,22640
2018,12951,28459,43906,33221,10619,21402,30645,23229
2019,13427,29458,45180,34167,10997,22104,31660,23944