1997,6844,14522,22389,16284,5562,11281,16274,11916
1998,6772,14551,22745,16503,5483,11283,16458,12019
1999,6814,14773,23356,16888,5508,11417,16817,12250
2000,6900,14987,23771,17226,5614,11808,17367,12649
2001,7082,15304,24321,17538,5749,11962,17604,12754
2002,7238,15620,24827,17939,5874,12162,17900,12999
2003,7105,15782,25332,18235,5768,12264,18201,13168
2004,7202,15984,25746,18505,5865,12648,18510,13384
2005,7336,16300,26406,19008,5997,13076,19147,13841
2006,7507,16713,27165,19572,6125,13333,19581,14172
2007,7804,17217,27977,20218,6352,13651,20035,14563
2008,7865,17699,28819,20859,6484,14005,20536,14975
2009,8006,18112,29602,21403,6700,14658,21538,15657
2010,8034,18270,29954,21647,6731,14768,21728,15797
2011,8041,18549,30342,21913,6731,14938,21933,15932
2012,8174,19052,31156,22512,6827,15221,22383,16282
2013,8300,19460,31761,22931,6920,15461,22723,16521
2014,8475,19894,32390,23344,7061,15733,23081,16736
2015,8654,20334,33113,23877,7187,15986,23474,17036
2016,8835,20706,33720,24433,7409,16623,24715,17901
2017,9275,21178,34350,24920,7755,16931,25059,18210
2018,9912,21996,35386,25739,8282,17578,25657,18751
2019,10343,22808,36613,26616,8622,18233,26514,19375